293 253
0 106
220 116
0 77
233 97
0 87
261 253
0 100
233 110
0 68
220 94
0 102
195 191
0 147
195 123
0 67
233 87
0 91
293 256
0 95
261 96
0 61
233 92
0 97
220 357
0 182
233 113
0 72
261 210
0 98
293 213
0 135
233 232
0 92
195 189
0 164
195 386
0 468
261 193
0 129
311 90
0 92
391 265
0 84
349 118
0 50
311 118
0 63
293 344
0 161
233 95
0 98
293 252
0 78
261 115
0 73
233 120
0 76
220 326
0 44
246 367
277 23
0 329
293 344
329 20
0 304
349 245
0 108
369 102
0 84
369 95
0 79
369 112
0 216
369 111
0 252
369 627
0 99
293 244
0 120
493 935
0 166
466 879
0 116
493 1127
0 144
293 131
0 32
329 55
0 121
369 81
0 95
391 88
0 96
440 91
0 98
493 972
0 104
466 642
0 60
523 152
0 188
493 1221
0 619
293 232
0 112
440 373
0 276
329 327
0 315
261 211
0 112
246 184
0 136
220 313
0 304
220 232
0 93
246 223
0 80
261 230
0 91
220 223
0 95
195 235
0 68
220 186
0 132
164 264
0 389
440 282
0 345
329 287
0 335
261 196
0 125
246 176
0 126
220 179
0 144
220 94
0 52
246 95
0 73
261 209
0 80
293 214
0 95
246 251
0 77
195 216
0 78
220 223
0 95
164 186
0 117
220 281
0 353
440 284
0 344
329 300
0 589
440 117
0 117
440 113
0 63
493 81
0 61
554 89
0 71
587 99
0 69
659 758
0 371
329 98
0 130
329 94
0 89
349 77
0 89
391 102
0 85
440 842
0 217
440 107
0 106
440 118
0 103
391 91
0 73
349 89
0 85
391 119
0 222
349 98
0 85
329 746
0 164
329 311
0 177
293 93
0 142
293 61
0 74
329 103
0 36
349 870
0 104
329 155
0 82
293 99
0 132
261 95
0 141
261 86
0 28
293 105
0 16
329 771
0 135
293 141
0 92
261 108
0 131
246 107
0 128
246 130
277 9
0 132
311 30
0 755
369 324
0 127
329 119
0 140
329 61
0 74
329 58
0 52
329 104
0 176
329 54
0 71
329 79
0 48
329 93
0 157
329 37
0 77
329 77
0 49
329 97
0 157
329 92
0 156
440 245
0 275
329 1045
0 13
440 269
329 5
0 185
369 212
0 54
440 1101
0 480
440 457
0 82
329 782
0 170
440 233
0 28
329 206
0 94
369 50
0 76
369 97
0 43
369 116
0 167
369 419
0 92
329 92
0 163
329 79
0 164
329 68
0 191
329 92
0 178
391 45
0 82
391 92
0 33
391 101
0 167
391 379
0 113
369 136
0 133
349 122
0 149
329 61
0 72
329 102
0 182
329 100
0 188
261 95
0 50
329 97
0 196
391 136
0 446
195 199
0 362
261 1022
0 199
293 179
0 73
329 183
0 64
220 150
0 95
329 495
0 53
293 814
0 225
261 141
0 85
293 134
0 137
329 717
0 268
440 168
0 98
391 445
0 34
349 160
0 160
329 108
0 77
293 522
0 125
261 97
0 76
293 103
0 61
329 125
0 38
349 161
329 33
0 135
293 127
0 191
261 109
0 84
195 781
0 189
233 390
0 100
261 137
0 198
233 115
0 56
293 646
0 58
369 125
0 133
440 1813
0 201
523 722
493 23
0 124
466 56
0 98
440 21
0 358
391 119
0 81
349 172
0 185
329 138
0 216
261 1166
0 257
391 235
0 99
349 153
0 45
329 141
0 199
293 153
0 205
233 920
0 494
349 312
0 27
329 168
0 46
293 504
0 5
261 377
0 11
246 278
0 37
220 435
0 45
246 334
0 68
261 237
0 73
293 432
0 29
261 381
0 42
246 265
0 35
220 752
0 435
329 346
0 75
293 372
0 36
391 206
0 90
349 434
0 11
329 363
0 54
293 239
0 40
329 498
0 54
261 294
0 131
195 131
220 18
0 146
261 109
0 157
261 401
0 49
220 145
195 10
0 159
261 121
0 131
261 108
0 158
391 179
0 113
329 444
0 68
293 446
0 102
329 403
0 108
261 259
0 158
195 126
220 9
0 161
261 110
0 161
261 358
0 88
220 136
195 13
0 171
261 120
0 131
349 127
329 43
0 106
293 44
0 111
261 20
0 724
329 422
0 86
261 288
0 127
195 126
220 17
0 146
261 12
0 117
261 332
0 107
220 136
195 19
0 169
261 126
0 143
261 104
0 144
391 165
0 102
329 464
0 42
293 948
0 13
391 292
0 12
329 238
0 64
293 973
0 58
391 241
0 39
329 187
0 105
293 559
0 34
329 536
0 44
293 1335
0 284
246 592
233 9
0 546
246 1
0 591
391 30
0 1230
391 1093
0 19
440 548
391 18
0 1054
369 23
0 318
391 308
329 38
0 266
293 8
0 1072
391 297
329 39
0 281
END
